-60252
75207
12420
-41512
72282
32136
-95793
34456
57961
61508
-58281
96964
-2934
-25910
-44651
-57784
-62149
-98481
33798
-28179
78331
-65558
-82841
-21969
-97073
89784
-65442
60235
25033
70068
-13658
54696
-68770
47709
47549
-18782
-76660
66167
-14301
90855
-61485
-60520
-9149
-41018
90198
-96898
16812
31133
40910
2790
-10963
-26511
-24969
91181
-31737
-61741
89178
-55069
63639
-94841
65926
-15733
-76463
-37060
-95809
-33514
21233
-37688
408
-4926
-91844
-12845
24026
64183
-89156
-59016
-36087
33258
-20302
82666
15476
-84613
21463
-8799
-8892
88102
46012
-13617
-20283
-18792
-5037
-14670
40376
-20696
-45829
-82935
99970
-68438
49651
-90768
43772
47039
33265
4515
2676
51322
425
-40447
-63678
90365
-87206
47657
-15818
25090
71060
-74960
-16394
71806
-46842
-38230
83194
9479
-10193
34930
77040
87005
94969
-9962
74565
92812
-60058
-36556
26206
-14306
61408
-28422
23386
-53345
-98370
-99288
-19784
68965
25113
50915
67624
41701
83290
-55705
95071
-99661
-38103
-7542
-26388
5370
55087
-60219
6144
-59975
88690
-54282
-87382
-87118
38394
-77756
-39128
38834
-84767
3801
-19252
70496
11224
-13197
-185
-35403
42769
11440
-35548
67090
-2389
84180
51410
-68410
66773
7062
-81579
-10154
-35503
-1765
17624
-35258
-75649
30335
-55355
-80261
13464
-98014
25907
-9039
65846
19645
-84875
67964
-31266
-61175
40995
-71891
-52822
-42692
22374
8632
26553
90327
48938
-23077
-42402
-40386
80378
82652
-47339
-93139
27999
16395
85637
-64568
-79463
-73706
58872
93921
63019
46991
-80533
-4487
-53111
96988
-71814
57512
-9998
-83922
62997
-61276
-3586
21152
80660
56140
23037
76705
62478
17716
11099
-74429
-4015
-52887
38318
98329
2269
97658
92003
60307
-25031
34539
-68138
65641
-69376
95773
-74722
-1251
-47293
23121
99158
-58339
-58194
89375
24866
-37016
71176
47009
48851
83152
-84248
192
10901
-3505
-66857
-41489
-758
45439
-39370
-53013
-37452
-54459
38869
-922
-38808
-87558
41241
-41888
50781
-59277
-73606
-99707
56540
-22164
-60782
58161
79125
40346
-69006
38329
-18837
-4412
-29526
45826
14654
-42787
56740
8349
-18127
81563
-27875
-740
-85605
-10488
-54145
29122
-1716
15691
-19771
97107
89973
-68111
8414
93090
-90588
-43478
62555
-37391
-88869
-37969
-35096
-28434
-48566
-11732
43876
56838
31112
55361
-95023
-4542
-11017
49700
-25066
-19482
12724
-61519
-47987
-68667
97980
82336
23841
-35017
2838
-84343
30774
-67708
66194
77006
79817
39257
-87566
58049
-13169
-61916
-28054
59572
-82036
87655
17863
-42576
55921
-5630
-94967
89010
68118
-41259
-68506
36340
-24888
-53789
-63675
-34755
10399
-75689
-59476
-42300
-79344
-61298
-52952
-69463
-75630
54482
