301260
-195279
-890241
500606
895791
-704842
264623
1316562
-2148754
-1239868
1274678
-285822
-338594
544976
-1398168
976962
-369958
-1693899
-1188942
883390
-1148523
2018383
3384431
1227452
-1556103
-866919
-876431
-246281
220917
1298881
-1137444
4919091
1248334
931595
1090269
884382
1365502
1297655
-2229495
1020453
-1562827
1542821
-645104
-1782106
-4248881
2199415
-1696404
-500165
-1463863
-2936306
415784
608028
-58938
1729138
-2471128
4454491
-989613
813651
-69681
1686715
-1503304
2868816
-259699
-787315
1830737
-2803833
-1059290
1144359
-1136691
1269836
939809
2181399
1204887
-2701123
4216834
389546
1213002
-2164159
-193788
516000
4698423
2748208
1125043
2166830
-778989
-207794
685780
-1131239
1954610
-4401658
-530676
-406232
-2782097
2470085
51462
-272896
-89915
-1552026
-692356
2659720
-116613
-2252832
-1842950
428486
1214263
-503288
-111344
932810
-1131482
-688658
595011
-339829
3628898
108230
601515
673787
1265207
-1937148
-2185300
-837731
460464
-5168828
-203546
1314640
-1033454
496717
1681877
-906830
4575503
-2534887
-3146877
1860367
-3029728
-4631533
-1070895
-1182555
209905
2576836
-1180147
1816379
-1510396
-3711275
-2798527
-5315
209671
-1888134
229086
1276051
1102159
-638110
551730
-228908
390040
226875
3180657
1604626
5354770
341542
-596319
651850
-393902
-2161758
-2363395
-7008863
-762828
-2127212
1477428
1680272
5854707
1822193
4909056
2696452
1921503
687254
-2443900
-3232573
2746752
-3017202
2590641
-616262
2538585
2349445
1969147
-1612732
-1537925
-667611
-2325580
-5006817
-226938
-1734592
719614
1184992
-337930
662738
1245342
-1209409
-554894
1748365
-3451729
2371077
1781479
446079
3285012
-133012
1444574
2398993
342716
2415762
-1646548
869663
2634792
-659683
3077557
1241879
-412908
299461
-3166697
-5923470
-374175
1140380
-2074347
-598286
39574
2112498
5833833
979429
-926991
-5345988
64448
-232384
-469826
1103635
-3879873
-4563559
1294667
650700
1932606
827664
908077
548076
1552691
1241742
-1441100
-618874
2295151
-1838015
-1031927
-907289
-2753393
239475
-1161272
-3829170
-992310
443619
1728629
3703375
2406719
-1401180
-206009
-1261215
-3765316
-2979767
-6198215
-2734893
-3473471
797730
1056651
1566049
2102219
2347474
4564029
-68601
-3883731
-1524832
-2674956
-2372703
-3112142
-276231
-295581
3979996
1260776
-281089
2420411
3295260
-4410840
1831638
-1461309
611025
1286485
-220605
-3117653
1739611
-3764082
1930232
-1307226
126156
-336314
1133652
3630732
3726319
-359160
877361
3691494
1913442
1781362
227410
685423
1634676
-413992
-1462605
-1001056
-588556
-869416
-669909
1781806
204172
234290
972830
2024522
-813717
-364767
-3110581
-1845160
-2444716
-1938386
-736973
636723
480903
1517390
1822766
2718777
455570
-3192906
-630020
-2624806
-2042800
-390516
2976945
-420079
3741084
-497032
3232342
2507607
-2346672
-665991
2181679
-2945290
-1161258
-2687271
-2328999
-979634
4092065
524028
3605970
2580694
3507790
205870
47776
1211927
890738
-1317169
-1270736
-3810076
-3060263
-2070995
-1613156
-1103500
2999347
3874475
1979468
1023219
454273
-59562
-3267901
-3142781
-186854
-857845
1008756
1340899
-445808
438008
-116883
-3707251
-652688
4628930
-3790635
-1941974
428754
-2141080
2843987
2118528
-890216
5073433
3047352
-1741614
392156
257205
-467931
-1067040
2051731
